2529 352 240
200 128 -1 1
201 128 -1 1
202 128 -1 1
203 128 -1 1
204 128 -1 1
205 128 -1 1
206 128 -1 1
194 129 -1 1
195 129 -1 1
196 129 -1 1
197 129 -1 1
198 129 -1 1
199 129 -1 1
200 129 -1 1
201 129 -1 1
202 129 -1 1
203 129 -1 1
204 129 -1 1
205 129 -1 1
206 129 -1 1
207 129 -1 1
208 129 -1 1
209 129 -1 1
210 129 -1 1
211 129 -1 1
193 130 -1 1
194 130 -1 1
195 130 -1 1
196 130 -1 1
197 130 -1 1
198 130 -1 1
199 130 -1 1
200 130 -1 1
201 130 -1 1
202 130 -1 1
203 130 -1 1
204 130 -1 1
205 130 -1 1
206 130 -1 1
207 130 -1 1
208 130 -1 1
209 130 -1 1
210 130 -1 1
211 130 -1 1
212 130 -1 1
213 130 -1 1
214 130 -1 1
215 130 -1 1
192 131 -1 1
193 131 -1 1
194 131 -1 1
195 131 -1 1
196 131 -1 1
197 131 -1 1
198 131 -1 1
199 131 -1 1
200 131 -1 1
201 131 -1 1
202 131 -1 1
203 131 -1 1
204 131 -1 1
205 131 -1 1
206 131 -1 1
207 131 -1 1
208 131 -1 1
209 131 -1 1
210 131 -1 1
211 131 -1 1
212 131 -1 1
213 131 -1 1
214 131 -1 1
215 131 -1 1
216 131 -1 1
217 131 -1 1
218 131 -1 1
219 131 -1 1
220 131 -1 1
221 131 -1 1
222 131 -1 1
223 131 -1 1
224 131 -1 1
225 131 -1 1
226 131 -1 1
191 132 -1 1
192 132 -1 1
193 132 -1 1
194 132 -1 1
195 132 -1 1
196 132 -1 1
197 132 -1 1
198 132 -1 1
199 132 -1 1
200 132 -1 1
201 132 -1 1
202 132 -1 1
203 132 -1 1
204 132 -1 1
205 132 -1 1
206 132 -1 1
207 132 -1 1
208 132 -1 1
209 132 -1 1
210 132 -1 1
211 132 -1 1
212 132 -1 1
213 132 -1 1
214 132 -1 1
215 132 -1 1
216 132 -1 1
217 132 -1 1
218 132 -1 1
219 132 -1 1
220 132 -1 1
221 132 -1 1
222 132 -1 1
223 132 -1 1
224 132 -1 1
225 132 -1 1
226 132 -1 1
227 132 -1 1
228 132 -1 1
191 133 -1 1
192 133 -1 1
193 133 -1 1
194 133 -1 1
195 133 -1 1
196 133 -1 1
197 133 -1 1
198 133 -1 1
199 133 -1 1
200 133 -1 1
201 133 -1 1
202 133 -1 1
203 133 -1 1
204 133 -1 1
205 133 -1 1
206 133 -1 1
207 133 -1 1
208 133 -1 1
209 133 -1 1
210 133 -1 1
211 133 -1 1
212 133 -1 1
213 133 -1 1
214 133 -1 1
215 133 -1 1
216 133 -1 1
217 133 -1 1
218 133 -1 1
219 133 -1 1
220 133 -1 1
221 133 -1 1
222 133 -1 1
223 133 -1 1
224 133 -1 1
225 133 -1 1
226 133 -1 1
227 133 -1 1
228 133 -1 1
229 133 -1 1
230 133 -1 1
231 133 -1 1
232 133 -1 1
233 133 -1 1
234 133 -1 1
235 133 -1 1
236 133 -1 1
237 133 -1 1
238 133 -1 1
239 133 -1 1
240 133 -1 1
241 133 -1 1
242 133 -1 1
243 133 -1 1
244 133 -1 1
245 133 -1 1
191 134 -1 1
192 134 -1 1
193 134 -1 1
194 134 -1 1
195 134 -1 1
196 134 -1 1
197 134 -1 1
198 134 -1 1
199 134 -1 1
200 134 -1 1
201 134 -1 1
202 134 -1 1
203 134 -1 1
204 134 -1 1
205 134 -1 1
206 134 -1 1
207 134 -1 1
208 134 -1 1
209 134 -1 1
210 134 -1 1
211 134 -1 1
212 134 -1 1
213 134 -1 1
214 134 -1 1
215 134 -1 1
216 134 -1 1
217 134 -1 1
218 134 -1 1
219 134 -1 1
220 134 -1 1
221 134 -1 1
222 134 -1 1
223 134 -1 1
224 134 -1 1
225 134 -1 1
226 134 -1 1
227 134 -1 1
228 134 -1 1
229 134 -1 1
230 134 -1 1
231 134 -1 1
232 134 -1 1
233 134 -1 1
234 134 -1 1
235 134 -1 1
236 134 -1 1
237 134 -1 1
238 134 -1 1
239 134 -1 1
240 134 -1 1
241 134 -1 1
242 134 -1 1
243 134 -1 1
244 134 -1 1
245 134 -1 1
246 134 -1 1
247 134 -1 1
248 134 -1 1
249 134 -1 1
250 134 -1 1
251 134 -1 1
252 134 -1 1
253 134 -1 1
254 134 -1 1
255 134 -1 1
256 134 -1 1
257 134 -1 1
190 135 -1 1
191 135 -1 1
192 135 -1 1
193 135 -1 1
194 135 -1 1
195 135 -1 1
196 135 -1 1
197 135 -1 1
198 135 -1 1
199 135 -1 1
200 135 -1 1
201 135 -1 1
202 135 -1 1
203 135 -1 1
204 135 -1 1
205 135 -1 1
206 135 -1 1
207 135 -1 1
208 135 -1 1
209 135 -1 1
210 135 -1 1
211 135 -1 1
212 135 -1 1
213 135 -1 1
214 135 -1 1
215 135 -1 1
216 135 -1 1
217 135 -1 1
218 135 -1 1
219 135 -1 1
220 135 -1 1
221 135 -1 1
222 135 -1 1
223 135 -1 1
224 135 -1 1
225 135 -1 1
226 135 -1 1
227 135 -1 1
228 135 -1 1
229 135 -1 1
230 135 -1 1
231 135 -1 1
232 135 -1 1
233 135 -1 1
234 135 -1 1
235 135 -1 1
236 135 -1 1
237 135 -1 1
238 135 -1 1
239 135 -1 1
240 135 -1 1
241 135 -1 1
242 135 -1 1
243 135 -1 1
244 135 -1 1
245 135 -1 1
246 135 -1 1
247 135 -1 1
248 135 -1 1
249 135 -1 1
250 135 -1 1
251 135 -1 1
252 135 -1 1
253 135 -1 1
254 135 -1 1
255 135 -1 1
256 135 -1 1
257 135 -1 1
258 135 -1 1
259 135 -1 1
260 135 -1 1
261 135 -1 1
262 135 -1 1
190 136 -1 1
191 136 -1 1
192 136 -1 1
193 136 -1 1
194 136 -1 1
195 136 -1 1
196 136 -1 1
197 136 -1 1
198 136 -1 1
199 136 -1 1
200 136 -1 1
201 136 -1 1
202 136 -1 1
203 136 -1 1
204 136 -1 1
205 136 -1 1
206 136 -1 1
207 136 -1 1
208 136 -1 1
209 136 -1 1
210 136 -1 1
211 136 -1 1
212 136 -1 1
213 136 -1 1
214 136 -1 1
215 136 -1 1
216 136 -1 1
217 136 -1 1
218 136 -1 1
219 136 -1 1
220 136 -1 1
221 136 -1 1
222 136 -1 1
223 136 -1 1
224 136 -1 1
225 136 -1 1
226 136 -1 1
227 136 -1 1
228 136 -1 1
229 136 -1 1
230 136 -1 1
231 136 -1 1
232 136 -1 1
233 136 -1 1
234 136 -1 1
235 136 -1 1
236 136 -1 1
237 136 -1 1
238 136 -1 1
239 136 -1 1
240 136 -1 1
241 136 -1 1
242 136 -1 1
243 136 -1 1
244 136 -1 1
245 136 -1 1
246 136 -1 1
247 136 -1 1
248 136 -1 1
249 136 -1 1
250 136 -1 1
251 136 -1 1
252 136 -1 1
253 136 -1 1
254 136 -1 1
255 136 -1 1
256 136 -1 1
257 136 -1 1
258 136 -1 1
259 136 -1 1
260 136 -1 1
261 136 -1 1
262 136 -1 1
263 136 -1 1
264 136 -1 1
265 136 -1 1
266 136 -1 1
267 136 -1 1
268 136 -1 1
190 137 -1 1
191 137 -1 1
192 137 -1 1
193 137 -1 1
194 137 -1 1
195 137 -1 1
196 137 -1 1
197 137 -1 1
198 137 -1 1
199 137 -1 1
200 137 -1 1
201 137 -1 1
202 137 -1 1
203 137 -1 1
204 137 -1 1
205 137 -1 1
206 137 -1 1
207 137 -1 1
208 137 -1 1
209 137 -1 1
210 137 -1 1
211 137 -1 1
212 137 -1 1
213 137 -1 1
214 137 -1 1
215 137 -1 1
216 137 -1 1
217 137 -1 1
218 137 -1 1
219 137 -1 1
220 137 -1 1
221 137 -1 1
222 137 -1 1
223 137 -1 1
224 137 -1 1
225 137 -1 1
226 137 -1 1
227 137 -1 1
228 137 -1 1
229 137 -1 1
230 137 -1 1
231 137 -1 1
232 137 -1 1
233 137 -1 1
234 137 -1 1
235 137 -1 1
236 137 -1 1
237 137 -1 1
238 137 -1 1
239 137 -1 1
240 137 -1 1
241 137 -1 1
242 137 -1 1
243 137 -1 1
244 137 -1 1
245 137 -1 1
246 137 -1 1
247 137 -1 1
248 137 -1 1
249 137 -1 1
250 137 -1 1
251 137 -1 1
252 137 -1 1
253 137 -1 1
254 137 -1 1
255 137 -1 1
256 137 -1 1
257 137 -1 1
258 137 -1 1
259 137 -1 1
260 137 -1 1
261 137 -1 1
262 137 -1 1
263 137 -1 1
264 137 -1 1
265 137 -1 1
266 137 -1 1
267 137 -1 1
268 137 -1 1
269 137 -1 1
270 137 -1 1
271 137 -1 1
272 137 -1 1
190 138 -1 1
191 138 -1 1
192 138 -1 1
193 138 -1 1
194 138 -1 1
195 138 -1 1
196 138 -1 1
197 138 -1 1
198 138 -1 1
199 138 -1 1
200 138 -1 1
201 138 -1 1
202 138 -1 1
203 138 -1 1
204 138 -1 1
205 138 -1 1
206 138 -1 1
207 138 -1 1
208 138 -1 1
209 138 -1 1
210 138 -1 1
211 138 -1 1
212 138 -1 1
213 138 -1 1
214 138 -1 1
215 138 -1 1
216 138 -1 1
217 138 -1 1
218 138 -1 1
219 138 -1 1
220 138 -1 1
221 138 -1 1
222 138 -1 1
223 138 -1 1
224 138 -1 1
225 138 -1 1
226 138 -1 1
227 138 -1 1
228 138 -1 1
229 138 -1 1
230 138 -1 1
231 138 -1 1
232 138 -1 1
233 138 -1 1
234 138 -1 1
235 138 -1 1
236 138 -1 1
237 138 -1 1
238 138 -1 1
239 138 -1 1
240 138 -1 1
241 138 -1 1
242 138 -1 1
243 138 -1 1
244 138 -1 1
245 138 -1 1
246 138 -1 1
247 138 -1 1
248 138 -1 1
249 138 -1 1
250 138 -1 1
251 138 -1 1
252 138 -1 1
253 138 -1 1
254 138 -1 1
255 138 -1 1
256 138 -1 1
257 138 -1 1
258 138 -1 1
259 138 -1 1
260 138 -1 1
261 138 -1 1
262 138 -1 1
263 138 -1 1
264 138 -1 1
265 138 -1 1
266 138 -1 1
267 138 -1 1
268 138 -1 1
269 138 -1 1
270 138 -1 1
271 138 -1 1
272 138 -1 1
273 138 -1 1
274 138 -1 1
275 138 -1 1
276 138 -1 1
190 139 -1 1
191 139 -1 1
192 139 -1 1
193 139 -1 1
194 139 -1 1
195 139 -1 1
196 139 -1 1
197 139 -1 1
198 139 -1 1
199 139 -1 1
200 139 -1 1
204 139 -1 1
205 139 -1 1
206 139 -1 1
207 139 -1 1
208 139 -1 1
209 139 -1 1
210 139 -1 1
211 139 -1 1
212 139 -1 1
213 139 -1 1
214 139 -1 1
215 139 -1 1
216 139 -1 1
217 139 -1 1
218 139 -1 1
219 139 -1 1
220 139 -1 1
221 139 -1 1
222 139 -1 1
223 139 -1 1
224 139 -1 1
225 139 -1 1
226 139 -1 1
227 139 -1 1
228 139 -1 1
229 139 -1 1
230 139 -1 1
231 139 -1 1
232 139 -1 1
233 139 -1 1
234 139 -1 1
235 139 -1 1
236 139 -1 1
237 139 -1 1
238 139 -1 1
239 139 -1 1
240 139 -1 1
241 139 -1 1
242 139 -1 1
243 139 -1 1
244 139 -1 1
245 139 -1 1
246 139 -1 1
247 139 -1 1
248 139 -1 1
249 139 -1 1
250 139 -1 1
251 139 -1 1
252 139 -1 1
253 139 -1 1
254 139 -1 1
255 139 -1 1
256 139 -1 1
257 139 -1 1
258 139 -1 1
259 139 -1 1
260 139 -1 1
261 139 -1 1
262 139 -1 1
263 139 -1 1
264 139 -1 1
265 139 -1 1
266 139 -1 1
267 139 -1 1
268 139 -1 1
269 139 -1 1
270 139 -1 1
271 139 -1 1
272 139 -1 1
273 139 -1 1
274 139 -1 1
275 139 -1 1
276 139 -1 1
277 139 -1 1
278 139 -1 1
279 139 -1 1
189 140 -1 1
190 140 -1 1
191 140 -1 1
192 140 -1 1
193 140 -1 1
194 140 -1 1
195 140 -1 1
196 140 -1 1
197 140 -1 1
198 140 -1 1
199 140 -1 1
200 140 -1 1
209 140 -1 1
210 140 -1 1
211 140 -1 1
212 140 -1 1
213 140 -1 1
214 140 -1 1
215 140 -1 1
216 140 -1 1
217 140 -1 1
218 140 -1 1
219 140 -1 1
220 140 -1 1
221 140 -1 1
222 140 -1 1
223 140 -1 1
224 140 -1 1
225 140 -1 1
226 140 -1 1
227 140 -1 1
228 140 -1 1
229 140 -1 1
230 140 -1 1
231 140 -1 1
232 140 -1 1
233 140 -1 1
234 140 -1 1
235 140 -1 1
236 140 -1 1
237 140 -1 1
238 140 -1 1
239 140 -1 1
240 140 -1 1
241 140 -1 1
242 140 -1 1
243 140 -1 1
244 140 -1 1
245 140 -1 1
246 140 -1 1
247 140 -1 1
248 140 -1 1
249 140 -1 1
250 140 -1 1
251 140 -1 1
252 140 -1 1
253 140 -1 1
254 140 -1 1
255 140 -1 1
256 140 -1 1
257 140 -1 1
258 140 -1 1
259 140 -1 1
260 140 -1 1
261 140 -1 1
262 140 -1 1
263 140 -1 1
264 140 -1 1
265 140 -1 1
266 140 -1 1
267 140 -1 1
268 140 -1 1
269 140 -1 1
270 140 -1 1
271 140 -1 1
272 140 -1 1
273 140 -1 1
274 140 -1 1
275 140 -1 1
276 140 -1 1
277 140 -1 1
278 140 -1 1
279 140 -1 1
280 140 -1 1
281 140 -1 1
282 140 -1 1
189 141 -1 1
190 141 -1 1
191 141 -1 1
192 141 -1 1
193 141 -1 1
194 141 -1 1
195 141 -1 1
196 141 -1 1
197 141 -1 1
198 141 -1 1
199 141 -1 1
200 141 -1 1
212 141 -1 1
213 141 -1 1
214 141 -1 1
215 141 -1 1
216 141 -1 1
217 141 -1 1
218 141 -1 1
219 141 -1 1
220 141 -1 1
221 141 -1 1
222 141 -1 1
223 141 -1 1
224 141 -1 1
225 141 -1 1
226 141 -1 1
227 141 -1 1
228 141 -1 1
229 141 -1 1
230 141 -1 1
231 141 -1 1
232 141 -1 1
233 141 -1 1
234 141 -1 1
235 141 -1 1
236 141 -1 1
237 141 -1 1
238 141 -1 1
239 141 -1 1
240 141 -1 1
241 141 -1 1
242 141 -1 1
243 141 -1 1
244 141 -1 1
245 141 -1 1
246 141 -1 1
247 141 -1 1
248 141 -1 1
249 141 -1 1
250 141 -1 1
251 141 -1 1
252 141 -1 1
253 141 -1 1
254 141 -1 1
255 141 -1 1
256 141 -1 1
257 141 -1 1
258 141 -1 1
259 141 -1 1
260 141 -1 1
261 141 -1 1
262 141 -1 1
263 141 -1 1
264 141 -1 1
265 141 -1 1
266 141 -1 1
267 141 -1 1
268 141 -1 1
269 141 -1 1
270 141 -1 1
271 141 -1 1
272 141 -1 1
273 141 -1 1
274 141 -1 1
275 141 -1 1
276 141 -1 1
277 141 -1 1
278 141 -1 1
279 141 -1 1
280 141 -1 1
281 141 -1 1
282 141 -1 1
283 141 -1 1
189 142 -1 1
190 142 -1 1
191 142 -1 1
192 142 -1 1
193 142 -1 1
194 142 -1 1
195 142 -1 1
196 142 -1 1
197 142 -1 1
198 142 -1 1
199 142 -1 1
200 142 -1 1
224 142 -1 1
225 142 -1 1
226 142 -1 1
227 142 -1 1
228 142 -1 1
229 142 -1 1
230 142 -1 1
231 142 -1 1
232 142 -1 1
233 142 -1 1
234 142 -1 1
235 142 -1 1
236 142 -1 1
237 142 -1 1
238 142 -1 1
239 142 -1 1
240 142 -1 1
241 142 -1 1
242 142 -1 1
243 142 -1 1
244 142 -1 1
245 142 -1 1
246 142 -1 1
247 142 -1 1
248 142 -1 1
249 142 -1 1
250 142 -1 1
251 142 -1 1
252 142 -1 1
253 142 -1 1
254 142 -1 1
255 142 -1 1
256 142 -1 1
257 142 -1 1
258 142 -1 1
259 142 -1 1
260 142 -1 1
261 142 -1 1
262 142 -1 1
263 142 -1 1
264 142 -1 1
265 142 -1 1
266 142 -1 1
267 142 -1 1
268 142 -1 1
269 142 -1 1
270 142 -1 1
271 142 -1 1
272 142 -1 1
273 142 -1 1
274 142 -1 1
275 142 -1 1
276 142 -1 1
277 142 -1 1
278 142 -1 1
279 142 -1 1
280 142 -1 1
281 142 -1 1
282 142 -1 1
283 142 -1 1
284 142 -1 1
189 143 -1 1
190 143 -1 1
191 143 -1 1
192 143 -1 1
193 143 -1 1
194 143 -1 1
195 143 -1 1
196 143 -1 1
197 143 -1 1
198 143 -1 1
199 143 -1 1
227 143 -1 1
228 143 -1 1
229 143 -1 1
230 143 -1 1
231 143 -1 1
232 143 -1 1
233 143 -1 1
234 143 -1 1
235 143 -1 1
236 143 -1 1
237 143 -1 1
238 143 -1 1
239 143 -1 1
240 143 -1 1
241 143 -1 1
242 143 -1 1
243 143 -1 1
244 143 -1 1
245 143 -1 1
246 143 -1 1
247 143 -1 1
248 143 -1 1
249 143 -1 1
250 143 -1 1
251 143 -1 1
252 143 -1 1
253 143 -1 1
254 143 -1 1
255 143 -1 1
256 143 -1 1
257 143 -1 1
258 143 -1 1
259 143 -1 1
260 143 -1 1
261 143 -1 1
262 143 -1 1
263 143 -1 1
264 143 -1 1
265 143 -1 1
266 143 -1 1
267 143 -1 1
268 143 -1 1
269 143 -1 1
270 143 -1 1
271 143 -1 1
272 143 -1 1
273 143 -1 1
274 143 -1 1
275 143 -1 1
276 143 -1 1
277 143 -1 1
278 143 -1 1
279 143 -1 1
280 143 -1 1
281 143 -1 1
282 143 -1 1
283 143 -1 1
284 143 -1 1
285 143 -1 1
188 144 -1 1
189 144 -1 1
190 144 -1 1
191 144 -1 1
192 144 -1 1
193 144 -1 1
194 144 -1 1
195 144 -1 1
196 144 -1 1
197 144 -1 1
198 144 -1 1
199 144 -1 1
242 144 -1 1
243 144 -1 1
244 144 -1 1
245 144 -1 1
246 144 -1 1
247 144 -1 1
248 144 -1 1
249 144 -1 1
250 144 -1 1
251 144 -1 1
252 144 -1 1
253 144 -1 1
254 144 -1 1
255 144 -1 1
256 144 -1 1
257 144 -1 1
258 144 -1 1
259 144 -1 1
260 144 -1 1
261 144 -1 1
262 144 -1 1
263 144 -1 1
264 144 -1 1
265 144 -1 1
266 144 -1 1
267 144 -1 1
268 144 -1 1
269 144 -1 1
270 144 -1 1
271 144 -1 1
272 144 -1 1
273 144 -1 1
274 144 -1 1
275 144 -1 1
276 144 -1 1
277 144 -1 1
278 144 -1 1
279 144 -1 1
280 144 -1 1
281 144 -1 1
282 144 -1 1
283 144 -1 1
284 144 -1 1
285 144 -1 1
286 144 -1 1
188 145 -1 1
189 145 -1 1
190 145 -1 1
191 145 -1 1
192 145 -1 1
193 145 -1 1
194 145 -1 1
195 145 -1 1
196 145 -1 1
197 145 -1 1
198 145 -1 1
199 145 -1 1
256 145 -1 1
257 145 -1 1
258 145 -1 1
259 145 -1 1
260 145 -1 1
261 145 -1 1
262 145 -1 1
263 145 -1 1
264 145 -1 1
265 145 -1 1
266 145 -1 1
267 145 -1 1
268 145 -1 1
269 145 -1 1
270 145 -1 1
271 145 -1 1
272 145 -1 1
273 145 -1 1
274 145 -1 1
275 145 -1 1
276 145 -1 1
277 145 -1 1
278 145 -1 1
279 145 -1 1
280 145 -1 1
281 145 -1 1
282 145 -1 1
283 145 -1 1
284 145 -1 1
285 145 -1 1
286 145 -1 1
287 145 -1 1
188 146 -1 1
189 146 -1 1
190 146 -1 1
191 146 -1 1
192 146 -1 1
193 146 -1 1
194 146 -1 1
195 146 -1 1
196 146 -1 1
197 146 -1 1
198 146 -1 1
199 146 -1 1
261 146 -1 1
262 146 -1 1
263 146 -1 1
264 146 -1 1
265 146 -1 1
266 146 -1 1
267 146 -1 1
268 146 -1 1
269 146 -1 1
270 146 -1 1
271 146 -1 1
272 146 -1 1
273 146 -1 1
274 146 -1 1
275 146 -1 1
276 146 -1 1
277 146 -1 1
278 146 -1 1
279 146 -1 1
280 146 -1 1
281 146 -1 1
282 146 -1 1
283 146 -1 1
284 146 -1 1
285 146 -1 1
286 146 -1 1
287 146 -1 1
288 146 -1 1
188 147 -1 1
189 147 -1 1
190 147 -1 1
191 147 -1 1
192 147 -1 1
193 147 -1 1
194 147 -1 1
195 147 -1 1
196 147 -1 1
197 147 -1 1
198 147 -1 1
266 147 -1 1
267 147 -1 1
268 147 -1 1
269 147 -1 1
270 147 -1 1
271 147 -1 1
272 147 -1 1
273 147 -1 1
274 147 -1 1
275 147 -1 1
276 147 -1 1
277 147 -1 1
278 147 -1 1
279 147 -1 1
280 147 -1 1
281 147 -1 1
282 147 -1 1
283 147 -1 1
284 147 -1 1
285 147 -1 1
286 147 -1 1
287 147 -1 1
288 147 -1 1
188 148 -1 1
189 148 -1 1
190 148 -1 1
191 148 -1 1
192 148 -1 1
193 148 -1 1
194 148 -1 1
195 148 -1 1
196 148 -1 1
197 148 -1 1
198 148 -1 1
272 148 -1 1
273 148 -1 1
274 148 -1 1
275 148 -1 1
276 148 -1 1
277 148 -1 1
278 148 -1 1
279 148 -1 1
280 148 -1 1
281 148 -1 1
282 148 -1 1
283 148 -1 1
284 148 -1 1
285 148 -1 1
286 148 -1 1
287 148 -1 1
288 148 -1 1
188 149 -1 1
189 149 -1 1
190 149 -1 1
191 149 -1 1
192 149 -1 1
193 149 -1 1
194 149 -1 1
195 149 -1 1
196 149 -1 1
197 149 -1 1
198 149 -1 1
275 149 -1 1
276 149 -1 1
277 149 -1 1
278 149 -1 1
279 149 -1 1
280 149 -1 1
281 149 -1 1
282 149 -1 1
283 149 -1 1
284 149 -1 1
285 149 -1 1
286 149 -1 1
287 149 -1 1
288 149 -1 1
188 150 -1 1
189 150 -1 1
190 150 -1 1
191 150 -1 1
192 150 -1 1
193 150 -1 1
194 150 -1 1
195 150 -1 1
196 150 -1 1
197 150 -1 1
198 150 -1 1
278 150 -1 1
279 150 -1 1
280 150 -1 1
281 150 -1 1
282 150 -1 1
283 150 -1 1
284 150 -1 1
285 150 -1 1
286 150 -1 1
287 150 -1 1
288 150 -1 1
188 151 -1 1
189 151 -1 1
190 151 -1 1
191 151 -1 1
192 151 -1 1
193 151 -1 1
194 151 -1 1
195 151 -1 1
196 151 -1 1
197 151 -1 1
198 151 -1 1
278 151 -1 1
279 151 -1 1
280 151 -1 1
281 151 -1 1
282 151 -1 1
283 151 -1 1
284 151 -1 1
285 151 -1 1
286 151 -1 1
287 151 -1 1
288 151 -1 1
188 152 -1 1
189 152 -1 1
190 152 -1 1
191 152 -1 1
192 152 -1 1
193 152 -1 1
194 152 -1 1
195 152 -1 1
196 152 -1 1
197 152 -1 1
198 152 -1 1
278 152 -1 1
279 152 -1 1
280 152 -1 1
281 152 -1 1
282 152 -1 1
283 152 -1 1
284 152 -1 1
285 152 -1 1
286 152 -1 1
287 152 -1 1
288 152 -1 1
188 153 -1 1
189 153 -1 1
190 153 -1 1
191 153 -1 1
192 153 -1 1
193 153 -1 1
194 153 -1 1
195 153 -1 1
196 153 -1 1
197 153 -1 1
198 153 -1 1
278 153 -1 1
279 153 -1 1
280 153 -1 1
281 153 -1 1
282 153 -1 1
283 153 -1 1
284 153 -1 1
285 153 -1 1
286 153 -1 1
287 153 -1 1
288 153 -1 1
188 154 -1 1
189 154 -1 1
190 154 -1 1
191 154 -1 1
192 154 -1 1
193 154 -1 1
194 154 -1 1
195 154 -1 1
196 154 -1 1
197 154 -1 1
198 154 -1 1
199 154 -1 1
278 154 -1 1
279 154 -1 1
280 154 -1 1
281 154 -1 1
282 154 -1 1
283 154 -1 1
284 154 -1 1
285 154 -1 1
286 154 -1 1
287 154 -1 1
288 154 -1 1
188 155 -1 1
189 155 -1 1
190 155 -1 1
191 155 -1 1
192 155 -1 1
193 155 -1 1
194 155 -1 1
195 155 -1 1
196 155 -1 1
197 155 -1 1
198 155 -1 1
199 155 -1 1
278 155 -1 1
279 155 -1 1
280 155 -1 1
281 155 -1 1
282 155 -1 1
283 155 -1 1
284 155 -1 1
285 155 -1 1
286 155 -1 1
287 155 -1 1
288 155 -1 1
188 156 -1 1
189 156 -1 1
190 156 -1 1
191 156 -1 1
192 156 -1 1
193 156 -1 1
194 156 -1 1
195 156 -1 1
196 156 -1 1
197 156 -1 1
198 156 -1 1
199 156 -1 1
200 156 -1 1
278 156 -1 1
279 156 -1 1
280 156 -1 1
281 156 -1 1
282 156 -1 1
283 156 -1 1
284 156 -1 1
285 156 -1 1
286 156 -1 1
287 156 -1 1
288 156 -1 1
189 157 -1 1
190 157 -1 1
191 157 -1 1
192 157 -1 1
193 157 -1 1
194 157 -1 1
195 157 -1 1
196 157 -1 1
197 157 -1 1
198 157 -1 1
199 157 -1 1
200 157 -1 1
278 157 -1 1
279 157 -1 1
280 157 -1 1
281 157 -1 1
282 157 -1 1
283 157 -1 1
284 157 -1 1
285 157 -1 1
286 157 -1 1
287 157 -1 1
288 157 -1 1
189 158 -1 1
190 158 -1 1
191 158 -1 1
192 158 -1 1
193 158 -1 1
194 158 -1 1
195 158 -1 1
196 158 -1 1
197 158 -1 1
198 158 -1 1
199 158 -1 1
200 158 -1 1
278 158 -1 1
279 158 -1 1
280 158 -1 1
281 158 -1 1
282 158 -1 1
283 158 -1 1
284 158 -1 1
285 158 -1 1
286 158 -1 1
287 158 -1 1
288 158 -1 1
190 159 -1 1
191 159 -1 1
192 159 -1 1
193 159 -1 1
194 159 -1 1
195 159 -1 1
196 159 -1 1
197 159 -1 1
198 159 -1 1
199 159 -1 1
200 159 -1 1
277 159 -1 1
278 159 -1 1
279 159 -1 1
280 159 -1 1
281 159 -1 1
282 159 -1 1
283 159 -1 1
284 159 -1 1
285 159 -1 1
286 159 -1 1
287 159 -1 1
288 159 -1 1
190 160 -1 1
191 160 -1 1
192 160 -1 1
193 160 -1 1
194 160 -1 1
195 160 -1 1
196 160 -1 1
197 160 -1 1
198 160 -1 1
199 160 -1 1
200 160 -1 1
201 160 -1 1
202 160 -1 1
203 160 -1 1
277 160 -1 1
278 160 -1 1
279 160 -1 1
280 160 -1 1
281 160 -1 1
282 160 -1 1
283 160 -1 1
284 160 -1 1
285 160 -1 1
286 160 -1 1
287 160 -1 1
288 160 -1 1
190 161 -1 1
191 161 -1 1
192 161 -1 1
193 161 -1 1
194 161 -1 1
195 161 -1 1
196 161 -1 1
197 161 -1 1
198 161 -1 1
199 161 -1 1
200 161 -1 1
201 161 -1 1
202 161 -1 1
203 161 -1 1
204 161 -1 1
205 161 -1 1
277 161 -1 1
278 161 -1 1
279 161 -1 1
280 161 -1 1
281 161 -1 1
282 161 -1 1
283 161 -1 1
284 161 -1 1
285 161 -1 1
286 161 -1 1
287 161 -1 1
190 162 -1 1
191 162 -1 1
192 162 -1 1
193 162 -1 1
194 162 -1 1
195 162 -1 1
196 162 -1 1
197 162 -1 1
198 162 -1 1
199 162 -1 1
200 162 -1 1
201 162 -1 1
202 162 -1 1
203 162 -1 1
204 162 -1 1
205 162 -1 1
206 162 -1 1
207 162 -1 1
208 162 -1 1
244 162 -1 1
245 162 -1 1
246 162 -1 1
247 162 -1 1
248 162 -1 1
249 162 -1 1
250 162 -1 1
251 162 -1 1
252 162 -1 1
253 162 -1 1
254 162 -1 1
255 162 -1 1
277 162 -1 1
278 162 -1 1
279 162 -1 1
280 162 -1 1
281 162 -1 1
282 162 -1 1
283 162 -1 1
284 162 -1 1
285 162 -1 1
286 162 -1 1
287 162 -1 1
190 163 -1 1
191 163 -1 1
192 163 -1 1
193 163 -1 1
194 163 -1 1
195 163 -1 1
196 163 -1 1
197 163 -1 1
198 163 -1 1
199 163 -1 1
200 163 -1 1
201 163 -1 1
202 163 -1 1
203 163 -1 1
204 163 -1 1
205 163 -1 1
206 163 -1 1
207 163 -1 1
208 163 -1 1
209 163 -1 1
210 163 -1 1
211 163 -1 1
212 163 -1 1
213 163 -1 1
223 163 -1 1
224 163 -1 1
225 163 -1 1
226 163 -1 1
227 163 -1 1
228 163 -1 1
229 163 -1 1
230 163 -1 1
231 163 -1 1
232 163 -1 1
233 163 -1 1
234 163 -1 1
235 163 -1 1
236 163 -1 1
237 163 -1 1
238 163 -1 1
239 163 -1 1
240 163 -1 1
241 163 -1 1
242 163 -1 1
243 163 -1 1
244 163 -1 1
245 163 -1 1
246 163 -1 1
247 163 -1 1
248 163 -1 1
249 163 -1 1
250 163 -1 1
251 163 -1 1
252 163 -1 1
253 163 -1 1
254 163 -1 1
255 163 -1 1
256 163 -1 1
257 163 -1 1
258 163 -1 1
259 163 -1 1
260 163 -1 1
261 163 -1 1
262 163 -1 1
263 163 -1 1
264 163 -1 1
265 163 -1 1
266 163 -1 1
267 163 -1 1
268 163 -1 1
269 163 -1 1
270 163 -1 1
277 163 -1 1
278 163 -1 1
279 163 -1 1
280 163 -1 1
281 163 -1 1
282 163 -1 1
283 163 -1 1
284 163 -1 1
285 163 -1 1
286 163 -1 1
287 163 -1 1
190 164 -1 1
191 164 -1 1
192 164 -1 1
193 164 -1 1
194 164 -1 1
195 164 -1 1
196 164 -1 1
197 164 -1 1
198 164 -1 1
199 164 -1 1
200 164 -1 1
201 164 -1 1
202 164 -1 1
203 164 -1 1
204 164 -1 1
205 164 -1 1
206 164 -1 1
207 164 -1 1
208 164 -1 1
209 164 -1 1
210 164 -1 1
211 164 -1 1
212 164 -1 1
213 164 -1 1
214 164 -1 1
215 164 -1 1
216 164 -1 1
217 164 -1 1
218 164 -1 1
219 164 -1 1
220 164 -1 1
221 164 -1 1
222 164 -1 1
223 164 -1 1
224 164 -1 1
225 164 -1 1
226 164 -1 1
227 164 -1 1
228 164 -1 1
229 164 -1 1
230 164 -1 1
231 164 -1 1
232 164 -1 1
233 164 -1 1
234 164 -1 1
235 164 -1 1
236 164 -1 1
237 164 -1 1
238 164 -1 1
239 164 -1 1
240 164 -1 1
241 164 -1 1
242 164 -1 1
243 164 -1 1
244 164 -1 1
245 164 -1 1
246 164 -1 1
247 164 -1 1
248 164 -1 1
249 164 -1 1
250 164 -1 1
251 164 -1 1
252 164 -1 1
253 164 -1 1
254 164 -1 1
255 164 -1 1
256 164 -1 1
257 164 -1 1
258 164 -1 1
259 164 -1 1
260 164 -1 1
261 164 -1 1
262 164 -1 1
263 164 -1 1
264 164 -1 1
265 164 -1 1
266 164 -1 1
267 164 -1 1
268 164 -1 1
269 164 -1 1
270 164 -1 1
271 164 -1 1
272 164 -1 1
276 164 -1 1
277 164 -1 1
278 164 -1 1
279 164 -1 1
280 164 -1 1
281 164 -1 1
282 164 -1 1
283 164 -1 1
284 164 -1 1
285 164 -1 1
286 164 -1 1
287 164 -1 1
191 165 -1 1
192 165 -1 1
193 165 -1 1
194 165 -1 1
195 165 -1 1
196 165 -1 1
197 165 -1 1
198 165 -1 1
199 165 -1 1
200 165 -1 1
201 165 -1 1
202 165 -1 1
203 165 -1 1
204 165 -1 1
205 165 -1 1
206 165 -1 1
207 165 -1 1
208 165 -1 1
209 165 -1 1
210 165 -1 1
211 165 -1 1
212 165 -1 1
213 165 -1 1
214 165 -1 1
215 165 -1 1
216 165 -1 1
217 165 -1 1
218 165 -1 1
219 165 -1 1
220 165 -1 1
221 165 -1 1
222 165 -1 1
223 165 -1 1
224 165 -1 1
225 165 -1 1
226 165 -1 1
227 165 -1 1
228 165 -1 1
229 165 -1 1
230 165 -1 1
231 165 -1 1
232 165 -1 1
233 165 -1 1
234 165 -1 1
235 165 -1 1
236 165 -1 1
237 165 -1 1
238 165 -1 1
239 165 -1 1
240 165 -1 1
241 165 -1 1
242 165 -1 1
243 165 -1 1
244 165 -1 1
245 165 -1 1
246 165 -1 1
247 165 -1 1
248 165 -1 1
249 165 -1 1
250 165 -1 1
251 165 -1 1
252 165 -1 1
253 165 -1 1
254 165 -1 1
255 165 -1 1
256 165 -1 1
257 165 -1 1
258 165 -1 1
259 165 -1 1
260 165 -1 1
261 165 -1 1
262 165 -1 1
263 165 -1 1
264 165 -1 1
265 165 -1 1
266 165 -1 1
267 165 -1 1
268 165 -1 1
269 165 -1 1
270 165 -1 1
271 165 -1 1
272 165 -1 1
273 165 -1 1
274 165 -1 1
275 165 -1 1
276 165 -1 1
277 165 -1 1
278 165 -1 1
279 165 -1 1
280 165 -1 1
281 165 -1 1
282 165 -1 1
283 165 -1 1
284 165 -1 1
285 165 -1 1
286 165 -1 1
287 165 -1 1
192 166 -1 1
193 166 -1 1
194 166 -1 1
195 166 -1 1
196 166 -1 1
197 166 -1 1
198 166 -1 1
199 166 -1 1
200 166 -1 1
201 166 -1 1
202 166 -1 1
203 166 -1 1
204 166 -1 1
205 166 -1 1
206 166 -1 1
207 166 -1 1
208 166 -1 1
209 166 -1 1
210 166 -1 1
211 166 -1 1
212 166 -1 1
213 166 -1 1
214 166 -1 1
215 166 -1 1
216 166 -1 1
217 166 -1 1
218 166 -1 1
219 166 -1 1
220 166 -1 1
221 166 -1 1
222 166 -1 1
223 166 -1 1
224 166 -1 1
225 166 -1 1
226 166 -1 1
227 166 -1 1
228 166 -1 1
229 166 -1 1
230 166 -1 1
231 166 -1 1
232 166 -1 1
233 166 -1 1
234 166 -1 1
235 166 -1 1
236 166 -1 1
237 166 -1 1
238 166 -1 1
239 166 -1 1
240 166 -1 1
241 166 -1 1
242 166 -1 1
243 166 -1 1
244 166 -1 1
245 166 -1 1
246 166 -1 1
247 166 -1 1
248 166 -1 1
249 166 -1 1
250 166 -1 1
251 166 -1 1
252 166 -1 1
253 166 -1 1
254 166 -1 1
255 166 -1 1
256 166 -1 1
257 166 -1 1
258 166 -1 1
259 166 -1 1
260 166 -1 1
261 166 -1 1
262 166 -1 1
263 166 -1 1
264 166 -1 1
265 166 -1 1
266 166 -1 1
267 166 -1 1
268 166 -1 1
269 166 -1 1
270 166 -1 1
271 166 -1 1
272 166 -1 1
273 166 -1 1
274 166 -1 1
275 166 -1 1
276 166 -1 1
277 166 -1 1
278 166 -1 1
279 166 -1 1
280 166 -1 1
281 166 -1 1
282 166 -1 1
283 166 -1 1
284 166 -1 1
285 166 -1 1
286 166 -1 1
193 167 -1 1
194 167 -1 1
195 167 -1 1
196 167 -1 1
197 167 -1 1
198 167 -1 1
199 167 -1 1
200 167 -1 1
201 167 -1 1
202 167 -1 1
203 167 -1 1
204 167 -1 1
205 167 -1 1
206 167 -1 1
207 167 -1 1
208 167 -1 1
209 167 -1 1
210 167 -1 1
211 167 -1 1
212 167 -1 1
213 167 -1 1
214 167 -1 1
215 167 -1 1
216 167 -1 1
217 167 -1 1
218 167 -1 1
219 167 -1 1
220 167 -1 1
221 167 -1 1
222 167 -1 1
223 167 -1 1
224 167 -1 1
225 167 -1 1
226 167 -1 1
227 167 -1 1
228 167 -1 1
229 167 -1 1
230 167 -1 1
231 167 -1 1
232 167 -1 1
233 167 -1 1
234 167 -1 1
235 167 -1 1
236 167 -1 1
237 167 -1 1
238 167 -1 1
239 167 -1 1
240 167 -1 1
241 167 -1 1
242 167 -1 1
243 167 -1 1
244 167 -1 1
245 167 -1 1
246 167 -1 1
247 167 -1 1
248 167 -1 1
249 167 -1 1
250 167 -1 1
251 167 -1 1
252 167 -1 1
253 167 -1 1
254 167 -1 1
255 167 -1 1
256 167 -1 1
257 167 -1 1
258 167 -1 1
259 167 -1 1
260 167 -1 1
261 167 -1 1
262 167 -1 1
263 167 -1 1
264 167 -1 1
265 167 -1 1
266 167 -1 1
267 167 -1 1
268 167 -1 1
269 167 -1 1
270 167 -1 1
271 167 -1 1
272 167 -1 1
273 167 -1 1
274 167 -1 1
275 167 -1 1
276 167 -1 1
277 167 -1 1
278 167 -1 1
279 167 -1 1
280 167 -1 1
281 167 -1 1
282 167 -1 1
283 167 -1 1
284 167 -1 1
285 167 -1 1
286 167 -1 1
195 168 -1 1
196 168 -1 1
197 168 -1 1
198 168 -1 1
199 168 -1 1
200 168 -1 1
201 168 -1 1
202 168 -1 1
203 168 -1 1
204 168 -1 1
205 168 -1 1
206 168 -1 1
207 168 -1 1
208 168 -1 1
209 168 -1 1
210 168 -1 1
211 168 -1 1
212 168 -1 1
213 168 -1 1
214 168 -1 1
215 168 -1 1
216 168 -1 1
217 168 -1 1
218 168 -1 1
219 168 -1 1
220 168 -1 1
221 168 -1 1
222 168 -1 1
223 168 -1 1
224 168 -1 1
225 168 -1 1
226 168 -1 1
227 168 -1 1
228 168 -1 1
229 168 -1 1
230 168 -1 1
231 168 -1 1
232 168 -1 1
233 168 -1 1
234 168 -1 1
235 168 -1 1
236 168 -1 1
237 168 -1 1
238 168 -1 1
239 168 -1 1
240 168 -1 1
241 168 -1 1
242 168 -1 1
243 168 -1 1
244 168 -1 1
245 168 -1 1
246 168 -1 1
247 168 -1 1
248 168 -1 1
249 168 -1 1
250 168 -1 1
251 168 -1 1
252 168 -1 1
253 168 -1 1
254 168 -1 1
255 168 -1 1
256 168 -1 1
257 168 -1 1
258 168 -1 1
259 168 -1 1
260 168 -1 1
261 168 -1 1
262 168 -1 1
263 168 -1 1
264 168 -1 1
265 168 -1 1
266 168 -1 1
267 168 -1 1
268 168 -1 1
269 168 -1 1
270 168 -1 1
271 168 -1 1
272 168 -1 1
273 168 -1 1
274 168 -1 1
275 168 -1 1
276 168 -1 1
277 168 -1 1
278 168 -1 1
279 168 -1 1
280 168 -1 1
281 168 -1 1
282 168 -1 1
283 168 -1 1
284 168 -1 1
285 168 -1 1
286 168 -1 1
196 169 -1 1
197 169 -1 1
198 169 -1 1
199 169 -1 1
200 169 -1 1
201 169 -1 1
202 169 -1 1
203 169 -1 1
204 169 -1 1
205 169 -1 1
206 169 -1 1
207 169 -1 1
208 169 -1 1
209 169 -1 1
210 169 -1 1
211 169 -1 1
212 169 -1 1
213 169 -1 1
214 169 -1 1
215 169 -1 1
216 169 -1 1
217 169 -1 1
218 169 -1 1
219 169 -1 1
220 169 -1 1
221 169 -1 1
222 169 -1 1
223 169 -1 1
224 169 -1 1
225 169 -1 1
226 169 -1 1
227 169 -1 1
228 169 -1 1
229 169 -1 1
230 169 -1 1
231 169 -1 1
232 169 -1 1
233 169 -1 1
234 169 -1 1
235 169 -1 1
236 169 -1 1
237 169 -1 1
238 169 -1 1
239 169 -1 1
240 169 -1 1
241 169 -1 1
242 169 -1 1
243 169 -1 1
244 169 -1 1
245 169 -1 1
246 169 -1 1
247 169 -1 1
248 169 -1 1
249 169 -1 1
250 169 -1 1
251 169 -1 1
252 169 -1 1
253 169 -1 1
254 169 -1 1
255 169 -1 1
256 169 -1 1
257 169 -1 1
258 169 -1 1
259 169 -1 1
260 169 -1 1
261 169 -1 1
262 169 -1 1
263 169 -1 1
264 169 -1 1
265 169 -1 1
266 169 -1 1
267 169 -1 1
268 169 -1 1
269 169 -1 1
270 169 -1 1
271 169 -1 1
272 169 -1 1
273 169 -1 1
274 169 -1 1
275 169 -1 1
276 169 -1 1
277 169 -1 1
278 169 -1 1
279 169 -1 1
280 169 -1 1
281 169 -1 1
282 169 -1 1
283 169 -1 1
284 169 -1 1
285 169 -1 1
286 169 -1 1
199 170 -1 1
200 170 -1 1
201 170 -1 1
202 170 -1 1
203 170 -1 1
204 170 -1 1
205 170 -1 1
206 170 -1 1
207 170 -1 1
208 170 -1 1
209 170 -1 1
210 170 -1 1
211 170 -1 1
212 170 -1 1
213 170 -1 1
214 170 -1 1
215 170 -1 1
216 170 -1 1
217 170 -1 1
218 170 -1 1
219 170 -1 1
220 170 -1 1
221 170 -1 1
222 170 -1 1
223 170 -1 1
224 170 -1 1
225 170 -1 1
226 170 -1 1
227 170 -1 1
228 170 -1 1
229 170 -1 1
230 170 -1 1
231 170 -1 1
232 170 -1 1
233 170 -1 1
234 170 -1 1
235 170 -1 1
236 170 -1 1
237 170 -1 1
238 170 -1 1
239 170 -1 1
240 170 -1 1
241 170 -1 1
242 170 -1 1
243 170 -1 1
244 170 -1 1
245 170 -1 1
246 170 -1 1
247 170 -1 1
248 170 -1 1
249 170 -1 1
250 170 -1 1
251 170 -1 1
252 170 -1 1
253 170 -1 1
254 170 -1 1
255 170 -1 1
256 170 -1 1
257 170 -1 1
258 170 -1 1
259 170 -1 1
260 170 -1 1
261 170 -1 1
262 170 -1 1
263 170 -1 1
264 170 -1 1
265 170 -1 1
266 170 -1 1
267 170 -1 1
268 170 -1 1
269 170 -1 1
270 170 -1 1
271 170 -1 1
272 170 -1 1
273 170 -1 1
274 170 -1 1
275 170 -1 1
276 170 -1 1
277 170 -1 1
278 170 -1 1
279 170 -1 1
280 170 -1 1
281 170 -1 1
282 170 -1 1
283 170 -1 1
284 170 -1 1
285 170 -1 1
286 170 -1 1
201 171 -1 1
202 171 -1 1
203 171 -1 1
204 171 -1 1
205 171 -1 1
206 171 -1 1
207 171 -1 1
208 171 -1 1
209 171 -1 1
210 171 -1 1
211 171 -1 1
212 171 -1 1
213 171 -1 1
214 171 -1 1
215 171 -1 1
216 171 -1 1
217 171 -1 1
218 171 -1 1
219 171 -1 1
220 171 -1 1
221 171 -1 1
222 171 -1 1
223 171 -1 1
224 171 -1 1
225 171 -1 1
226 171 -1 1
227 171 -1 1
228 171 -1 1
229 171 -1 1
230 171 -1 1
231 171 -1 1
232 171 -1 1
233 171 -1 1
234 171 -1 1
235 171 -1 1
236 171 -1 1
237 171 -1 1
238 171 -1 1
239 171 -1 1
240 171 -1 1
241 171 -1 1
242 171 -1 1
243 171 -1 1
244 171 -1 1
245 171 -1 1
246 171 -1 1
247 171 -1 1
248 171 -1 1
249 171 -1 1
250 171 -1 1
251 171 -1 1
252 171 -1 1
253 171 -1 1
254 171 -1 1
255 171 -1 1
256 171 -1 1
257 171 -1 1
258 171 -1 1
259 171 -1 1
260 171 -1 1
261 171 -1 1
262 171 -1 1
263 171 -1 1
264 171 -1 1
265 171 -1 1
266 171 -1 1
267 171 -1 1
268 171 -1 1
269 171 -1 1
270 171 -1 1
271 171 -1 1
272 171 -1 1
273 171 -1 1
274 171 -1 1
275 171 -1 1
276 171 -1 1
277 171 -1 1
278 171 -1 1
279 171 -1 1
280 171 -1 1
281 171 -1 1
282 171 -1 1
283 171 -1 1
284 171 -1 1
285 171 -1 1
204 172 -1 1
205 172 -1 1
206 172 -1 1
207 172 -1 1
208 172 -1 1
209 172 -1 1
210 172 -1 1
211 172 -1 1
212 172 -1 1
213 172 -1 1
214 172 -1 1
215 172 -1 1
216 172 -1 1
217 172 -1 1
218 172 -1 1
219 172 -1 1
220 172 -1 1
221 172 -1 1
222 172 -1 1
223 172 -1 1
224 172 -1 1
225 172 -1 1
226 172 -1 1
227 172 -1 1
228 172 -1 1
229 172 -1 1
230 172 -1 1
231 172 -1 1
232 172 -1 1
233 172 -1 1
234 172 -1 1
235 172 -1 1
236 172 -1 1
237 172 -1 1
238 172 -1 1
239 172 -1 1
240 172 -1 1
241 172 -1 1
242 172 -1 1
243 172 -1 1
244 172 -1 1
245 172 -1 1
246 172 -1 1
247 172 -1 1
248 172 -1 1
249 172 -1 1
250 172 -1 1
251 172 -1 1
252 172 -1 1
253 172 -1 1
254 172 -1 1
255 172 -1 1
256 172 -1 1
257 172 -1 1
258 172 -1 1
259 172 -1 1
260 172 -1 1
261 172 -1 1
262 172 -1 1
263 172 -1 1
264 172 -1 1
265 172 -1 1
266 172 -1 1
267 172 -1 1
268 172 -1 1
269 172 -1 1
270 172 -1 1
271 172 -1 1
272 172 -1 1
273 172 -1 1
274 172 -1 1
275 172 -1 1
276 172 -1 1
277 172 -1 1
278 172 -1 1
279 172 -1 1
280 172 -1 1
281 172 -1 1
282 172 -1 1
283 172 -1 1
284 172 -1 1
285 172 -1 1
206 173 -1 1
207 173 -1 1
208 173 -1 1
209 173 -1 1
210 173 -1 1
211 173 -1 1
212 173 -1 1
213 173 -1 1
214 173 -1 1
215 173 -1 1
216 173 -1 1
217 173 -1 1
218 173 -1 1
219 173 -1 1
220 173 -1 1
221 173 -1 1
222 173 -1 1
223 173 -1 1
224 173 -1 1
225 173 -1 1
226 173 -1 1
227 173 -1 1
228 173 -1 1
229 173 -1 1
230 173 -1 1
231 173 -1 1
232 173 -1 1
233 173 -1 1
234 173 -1 1
235 173 -1 1
236 173 -1 1
237 173 -1 1
238 173 -1 1
239 173 -1 1
240 173 -1 1
241 173 -1 1
242 173 -1 1
243 173 -1 1
244 173 -1 1
245 173 -1 1
254 173 -1 1
255 173 -1 1
256 173 -1 1
257 173 -1 1
258 173 -1 1
259 173 -1 1
260 173 -1 1
261 173 -1 1
262 173 -1 1
263 173 -1 1
264 173 -1 1
265 173 -1 1
266 173 -1 1
267 173 -1 1
268 173 -1 1
269 173 -1 1
270 173 -1 1
271 173 -1 1
272 173 -1 1
273 173 -1 1
274 173 -1 1
275 173 -1 1
276 173 -1 1
277 173 -1 1
278 173 -1 1
279 173 -1 1
280 173 -1 1
281 173 -1 1
282 173 -1 1
283 173 -1 1
284 173 -1 1
211 174 -1 1
212 174 -1 1
213 174 -1 1
214 174 -1 1
215 174 -1 1
216 174 -1 1
217 174 -1 1
218 174 -1 1
219 174 -1 1
220 174 -1 1
221 174 -1 1
222 174 -1 1
223 174 -1 1
224 174 -1 1
268 174 -1 1
269 174 -1 1
270 174 -1 1
271 174 -1 1
272 174 -1 1
273 174 -1 1
274 174 -1 1
275 174 -1 1
276 174 -1 1
277 174 -1 1
278 174 -1 1
279 174 -1 1
280 174 -1 1
281 174 -1 1
282 174 -1 1
283 174 -1 1
272 175 -1 1
273 175 -1 1
274 175 -1 1
275 175 -1 1
276 175 -1 1
277 175 -1 1
278 175 -1 1
279 175 -1 1
280 175 -1 1
281 175 -1 1
282 175 -1 1
